   5.8206471881432027E-002
   6.0421900170872796E-002
   5.9959822842406987E-002
   5.9537255055418604E-002
   6.0364930665385036E-002
   5.8564797786785618E-002
   6.2911132806661718E-002
   6.1374197407807092E-002
   6.0094086638729956E-002
   6.2205880554146983E-002
   5.8648768283331494E-002
   6.0534622136530165E-002
   6.0763460776459922E-002
   6.5413074689236211E-002
   5.7269200598644723E-002
   5.6508799962308690E-002
   5.8509345446304567E-002
   5.6016738188474538E-002
   5.6580206082631750E-002
   5.7495999039805408E-002
   5.8359093410107449E-002
   5.4716476724743002E-002
   5.9656042052923505E-002
   5.9039572154833235E-002
   5.8445594753430370E-002
   6.2375675298184073E-002
   6.1128593783663268E-002
   6.0793807074075508E-002
   6.0711044732194554E-002
   6.0371974454688594E-002
   5.9222785733224606E-002
   6.2711945579698947E-002
   6.2816393767445980E-002
   5.7863144971829691E-002
   5.6977223750081830E-002
   6.3228060815442730E-002
   5.9216707351306588E-002
   6.0055661132968535E-002
   5.8855690690047605E-002
   6.0851411443124954E-002
   5.5283865150564326E-002
   6.1033549882564236E-002
   5.9750840484022641E-002
   5.8270599465832205E-002
   5.8840611796843002E-002
   5.8518177983070060E-002
   5.9841332628275658E-002
   6.2139614130596273E-002
   5.5905096860774162E-002
   5.9859919915712122E-002
   6.2284602164915402E-002
   5.6099616129625801E-002
   5.8626390362753272E-002
   5.8781078463483398E-002
   5.9566606078976840E-002
   5.9879117067535889E-002
   6.1201915580947869E-002
   5.6441739074094048E-002
   6.0931231069744525E-002
   6.0931730053487322E-002
   5.9205669707012763E-002
   5.8466741589477303E-002
   5.8389340562813072E-002
   5.7794841959928990E-002
   5.8231353708228198E-002
   5.9607373735971858E-002
   5.9262565892536520E-002
   6.1130602624134292E-002
   5.6183763281385593E-002
   5.5320659227427023E-002
   6.3574273218390043E-002
   5.8553573523605081E-002
   5.8627607354219076E-002
   5.6672177834121887E-002
   5.8901057224236456E-002
   5.9255886674534568E-002
   5.8783614605477569E-002
   5.9031741792119459E-002
   5.8491212730093653E-002
   5.4752286674097567E-002
   6.0429108570921139E-002
   5.7050686068263183E-002
   5.6247677821656981E-002
   5.6699779425983220E-002
   5.8371903293911724E-002
   6.2307992576110166E-002
   5.4282648367779379E-002
   5.7270391161835119E-002
   5.8423763659205562E-002
   5.9557262178361242E-002
   6.1782469972535212E-002
   6.3091716795290145E-002
   5.9606196314775789E-002
   5.8063001079612264E-002
   6.0251314002624387E-002
   5.8961911622851727E-002
   5.7217765208613124E-002
   5.6393232414087391E-002
   5.8828463933659585E-002
   5.3700753374323333E-002
   5.8186981046152900E-002
