   2.6584460156378782        1.2787016538887954        1.5633250111749042        0.0000000000000000     
   4.5267273779158517       0.39060388904495108        17.409681941487044        0.0000000000000000     
   4.7019084868608161       0.13892053651834926        1.4783539820485956        0.0000000000000000     
   18.857621613438685        8.8606272977110674        73.281518705543206        0.0000000000000000     
   2.8402212398287299       0.77983534687615141        2.3062377111254486        0.0000000000000000     
   2.9922765161091380        2.0641816613151192        2.4782395336084413        0.0000000000000000     
   4.7440077670585685        2.3610259865862395        3.9797697635206886        0.0000000000000000     
   14.012568758335725       0.33422465500848503        6.0805981671442888        0.0000000000000000     
   5.0443161449980041        2.0319570835573635        1.1886928033349911        0.0000000000000000     
   3.6115922377280558       0.49476530662066431        2.7423429152532157        0.0000000000000000     
   2.4148124826570592       0.49442083840542106        2.0176158801622988        0.0000000000000000     
   15.287707334439572        2.8812702751406003        25.518800666740269        0.0000000000000000     
   2.4375222117312005        6.1902699440483353        3.1479188188619536        0.0000000000000000     
  0.73525737539627312        3.3995307871939930        2.9365283558485142        0.0000000000000000     
   2.9564054183797936        2.2818380457963987        2.9225801831849321        0.0000000000000000     
   4.2946719239035360       0.62429126128085644       0.39349020019629199        0.0000000000000000     
   9.0183893953906455        9.7195519682783811        35.794530422566453        0.0000000000000000     
   7.6741514027551343        5.2210310750933697        52.522207022082789        0.0000000000000000     
   10.489246057507071        2.3340964227728520        6.2317377005485826        0.0000000000000000     
   7.2456065444005411        2.8323425632645480        3.2422247765981567        0.0000000000000000     
   3.8420034492175592        4.1796578275212832        8.1091583214912166        0.0000000000000000     
   4.1012404513025196       0.21950212675951752        1.7991926386173209        0.0000000000000000     
   3.0552514905231494        8.1041915949309669        26.245492561874070        0.0000000000000000     
   11.093448555226956        3.0559717714795758        14.624431527232657        0.0000000000000000     
   3.6258474130080653        2.6387587734069533        2.6074042263719686        0.0000000000000000     
   4.1482677124915224        1.7165994177518780        6.4276553420907776        0.0000000000000000     
   7.6603464094504723        1.2323207583522304        10.368649583092544        0.0000000000000000     
   1.3447318344240724        1.1803303033105979        2.0366223931718794        0.0000000000000000     
   3.4606418367766878        5.1138540344842909        8.1068514704917476        0.0000000000000000     
   1.4537087171645175       0.21146950271206333        2.6855363612290630        0.0000000000000000     
   4.7939221639132938        1.9060359640102083        21.430848619374572        0.0000000000000000     
   7.9094155767521803        1.9979661723287621        11.141819168315079        0.0000000000000000     
   3.3118549759127665        2.5469413441484989        2.8063770898163618        0.0000000000000000     
   5.4174354575200159       0.52194585897151080        2.0731886287386736        0.0000000000000000     
   14.639153837452795        5.9244437361715896        2.3209979478767506        0.0000000000000000     
   2.6886170061959414        6.1770793483094763E-002   5.0259584567576727        0.0000000000000000     
   37.729974768361856        11.763890678149540        128.57986338382659        0.0000000000000000     
   2.1900567211385029        3.3287534447532057        4.9141601690701533        0.0000000000000000     
   3.7896409174579966        3.0346977629381664       0.24630216104261674        0.0000000000000000     
   22.914452050657513        2.4440553008216428        14.729446518225593        0.0000000000000000     
   3.4183406066084272        3.6641724170431820        3.5248627661004166        0.0000000000000000     
   1.5175643957029181       0.79099908432246713        9.3215257420664770        0.0000000000000000     
   6.6986500782190506       0.38823119483760804        2.1244035081547277        0.0000000000000000     
   7.6479343633809149        1.9679048094682718        10.411220322397867        0.0000000000000000     
   3.7495656858851114       0.33970863393812628        4.4732265098322950        0.0000000000000000     
   1.1437182954045289       0.76903863288701968        3.8916252941570550        0.0000000000000000     
  0.96379640241492370        1.0719876315715247        2.2940314561241402        0.0000000000000000     
   5.5283771136749333        4.8443169853179446        1.7579292125639898        0.0000000000000000     
   3.5140623827420940        1.0747253440569149        9.9518113610478043        0.0000000000000000     
   3.2915563853635383        2.2775797321417466        2.7762015469475125        0.0000000000000000     
   35.398837701775612        12.066304560363060        160.71947454896707        0.0000000000000000     
   5.4798981980573398        3.0608272485263477        13.109084531514245        0.0000000000000000     
   4.6172416680156401        1.1865628270929287        2.6713442419948623        0.0000000000000000     
   1.7184646273283635       0.61911871193018664        8.5463528031275580        0.0000000000000000     
   11.976325057010680       0.21226850703031047        34.665450924116669        0.0000000000000000     
   2.3428246910100006       0.73208674203141810       0.55199707025364553        0.0000000000000000     
   5.7365631379413706        4.0009199970805263        6.5501220527588657        0.0000000000000000     
   2.1346461362315710        1.7548511526262649        2.2481501926465621        0.0000000000000000     
   3.0841564147618361        2.4006721763979284        5.2416304682307189        0.0000000000000000     
   3.2857747487246143        1.6157915231184485        2.0414976463190286        0.0000000000000000     
  0.69208819432769042       0.47700081741489581        6.3837027056749465        0.0000000000000000     
   1.4180519815363914       0.83900528067327662        9.0078021682589231        0.0000000000000000     
   1.2411316416482805        2.8296018394745364        1.1205637044168626        0.0000000000000000     
   3.7044975049373656        1.4451389412729068        4.1857643152620074        0.0000000000000000     
   1.5784171709452728       0.28733697590839036        5.5830606923538229        0.0000000000000000     
   3.3823004879602871       0.66420102723355678        4.1192358788109136        0.0000000000000000     
   1.7474538185428450        2.9823494746270685        2.3815915592718717        0.0000000000000000     
   3.7691215495025103        3.0773987057947734        6.0461581996620080        0.0000000000000000     
   13.086074335135434        3.2479599143783968        47.868261045015750        0.0000000000000000     
   1.4969604085317298        5.4045102093637114        4.7584876715570168        0.0000000000000000     
   5.7721476437184798       0.98519730744776446        14.270605504211279        0.0000000000000000     
   2.2466909391340186        1.1068326318755768        9.5697068365337046        0.0000000000000000     
  0.46825753245234569        1.5400032910646830        1.9151011695678286        0.0000000000000000     
   2.1826214393569163        1.0070838863952636        1.7324503682832395        0.0000000000000000     
   1.9865952766762138       0.14613771587352353        8.9244624508531114        0.0000000000000000     
   8.7807275024062044        2.1403610606937584        28.694650183952000        0.0000000000000000     
   4.6812889975903609       0.75243856248353524        31.095446703216680        0.0000000000000000     
   8.7424426666704012        1.3938177480813425        1.4154332553231566        0.0000000000000000     
  0.73669010292259840        5.2832172661834225        5.2098494468796011        0.0000000000000000     
   5.7530696750198489        1.9945333421831972        4.2046601123349694        0.0000000000000000     
   6.7244400535647202       0.87493095172076818        7.1191203405015901        0.0000000000000000     
   3.5915816112703873        5.1363349114645391        5.3894284035206796        0.0000000000000000     
   12.637241640093343        1.0246395005244693        6.6266564500446012        0.0000000000000000     
   1.6251701110513601        1.1119071561055907        4.6452374278852586        0.0000000000000000     
   9.4344358747357528        3.7282780178925541        10.598845452124817        0.0000000000000000     
   1.7022227634443858        3.9577614435495994        2.1419394603409518        0.0000000000000000     
   4.7833068094646336        1.0749338591750131        4.2276974845187398        0.0000000000000000     
   3.0838967667091115        3.4821855416283061        6.8146432913377275        0.0000000000000000     
   3.2597142589348707       0.18792280105954728       0.62856681321824603        0.0000000000000000     
   9.2524018359329663        2.8531539051948580        6.0157850602088265        0.0000000000000000     
   6.1174251277181089        4.4430311028266605        4.8470902099144846        0.0000000000000000     
   6.5188121600459725        2.0158981083159979        2.0635842020768091        0.0000000000000000     
   5.8337034535829204        1.1570725735194265        2.7727029747655640        0.0000000000000000     
   2.5609844753065643        3.5129370773964701        7.4215271052747980        0.0000000000000000     
   8.7526282261566379       0.81874190111384726        6.7477810609104178        0.0000000000000000     
   4.5616628289872097        1.4329336162230955        9.2584854888241672        0.0000000000000000     
   10.704652785218592        1.8189433974518892        3.7322103591440938        0.0000000000000000     
   8.6959333072548226       0.90474225076462100        1.0913514485399394        0.0000000000000000     
   4.7379398266457349        5.8265136746790640        1.9222385549872407        0.0000000000000000     
   4.1377300392661001        3.4512880507431345        1.8519540894222846        0.0000000000000000     
