   6.5637531465784234E-006
   1.2579999501500424E-005
   9.7396658440114268E-006
   1.1624055604928872E-005
   5.9323863609011141E-006
   1.0574176572422947E-005
   8.0078556271197299E-006
   6.0304108958125512E-006
   6.6110364094966952E-006
   7.0035282579152981E-006
   6.2742792746767846E-006
   1.2113519233214774E-005
   7.1624763840079032E-006
   1.5434628729777458E-005
   5.6844709013293634E-006
   4.9125255520847019E-006
   7.7193219877735750E-006
   6.1317723757134903E-006
   4.3042654502260344E-006
   8.2679382742014208E-006
   6.1791543039214897E-006
   6.1937987415718975E-006
   9.2472978244356181E-006
   8.0049798782253553E-006
   8.0266323445091396E-006
   1.0950726245467539E-005
   8.6266631663270609E-006
   5.4729644582544830E-006
   1.2793928534603955E-005
   5.1458690613133069E-006
   8.2128554780901788E-006
   6.7844397945419519E-006
   6.8586606224701191E-006
   6.6621248221189850E-006
   5.5815218356671117E-006
   1.4107620161122436E-005
   4.1438962841215745E-006
   6.6788601826120214E-006
   7.4799903003372431E-006
   6.8367668562024497E-006
   6.7055028374671908E-006
   1.0779183107309268E-005
   4.6911321017325464E-006
   6.0138930246599694E-006
   9.2948874208843636E-006
   8.1467968560870895E-006
   6.2789729110165672E-006
   7.6036128808975344E-006
   6.8273823563200116E-006
   6.6723901697313631E-006
   9.1441151976678001E-006
   6.4892095774260254E-006
   5.6283988210789079E-006
   6.1229455510025013E-006
   6.3435357948976571E-006
   1.2430241149384617E-005
   7.3594782733653591E-006
   3.6233927053458681E-006
   1.3113384350268727E-005
   7.6056377370655346E-006
   7.9781788465059140E-006
   8.1444077469357777E-006
   5.9008842487595947E-006
   1.0062215599149227E-005
   7.5592219361273755E-006
   6.9505111588882019E-006
   7.3456776693202911E-006
   6.8686570429310965E-006
   8.4816483742778926E-006
   4.2567180218988208E-006
   5.7776373754189257E-006
   6.1126974965168529E-006
   5.9387092360436989E-006
   4.7554493050397892E-006
   6.1744243562614269E-006
   1.1128714914317113E-005
   7.7501466294920789E-006
   1.2063679105339852E-005
   4.1459154227990551E-006
   4.3388930083189741E-006
   7.6840169441359048E-006
   7.6057282431912617E-006
   4.8919753939910810E-006
   5.2428140917785109E-006
   5.9429711974522022E-006
   9.3010421870472409E-006
   4.6901876048141612E-006
   4.3207029062289726E-006
   6.4936600448762561E-006
   1.1037568931801436E-005
   1.3301087861381397E-005
   1.2228543244035002E-005
   7.9320207944808795E-006
   6.6978580293647281E-006
   8.9388039374808751E-006
   4.8315403221659657E-006
   5.2409175396205536E-006
   9.2416794053633472E-006
   6.0525199099345528E-006
   2.8336146547884054E-006
   6.2911038111448496E-006
