   4.8265316734562693E-004
   5.1165850999402890E-004
   5.0717574247700513E-004
   4.9510123777854595E-004
   5.0857418048000152E-004
   4.8184262969510613E-004
   5.5434221695871281E-004
   5.3170775485196953E-004
   5.0106718979986442E-004
   5.4398985146953674E-004
   4.8404976982472400E-004
   5.1354832600502903E-004
   5.0950791594391541E-004
   6.0105712694652307E-004
   4.5124907240096720E-004
   4.4356629962753302E-004
   4.7486225235496087E-004
   4.4496932252314971E-004
   4.6102052468933216E-004
   4.6802041233493300E-004
   4.7994737005820548E-004
   4.1424046171215935E-004
   4.9417758804159388E-004
   4.9806749783113204E-004
   4.7709860395614721E-004
   5.4412433698369962E-004
   5.3274225296494403E-004
   5.1709993934669811E-004
   5.1038000630080824E-004
   5.1745833368348746E-004
   4.8551199950729425E-004
   5.4663494876870363E-004
   5.5164898673051854E-004
   4.7493730202493223E-004
   4.5759954156193033E-004
   5.7250583852221895E-004
   4.9320492350667740E-004
   4.9810046327612256E-004
   4.8804391839128865E-004
   5.2487880669044166E-004
   4.4375549787935227E-004
   5.2851507215461726E-004
   4.9305640608773317E-004
   4.8312161289078368E-004
   4.8181232911124317E-004
   4.7475699949847786E-004
   5.0299590234115926E-004
   5.3886656378066109E-004
   4.3353342113666108E-004
   4.9718983363877822E-004
   5.4755166502634266E-004
   4.3469639312803386E-004
   4.8969185925300566E-004
   4.7985785446055459E-004
   4.9485258001105193E-004
   4.9902302769883891E-004
   5.2423263899079953E-004
   4.3521581023954085E-004
   5.1052021253767906E-004
   5.0985362712227750E-004
   4.9564431742703328E-004
   4.7771144289560503E-004
   4.7231692113521679E-004
   4.5766109466149999E-004
   4.6829723619733882E-004
   4.9594257950694447E-004
   4.8478216077997262E-004
   5.1264664619941913E-004
   4.3782029115278266E-004
   4.4954256510631318E-004
   5.5307473629892057E-004
   4.7427107716730847E-004
   4.8313306535251968E-004
   4.4571424305216980E-004
   4.8520561249991158E-004
   4.9016047856186582E-004
   4.9183484469478831E-004
   4.8702983674065695E-004
   4.8677973956031122E-004
   4.1201075400354366E-004
   5.1757324955720347E-004
   4.5954975116070884E-004
   4.5363983258916318E-004
   4.5259474778424903E-004
   4.7908973389766387E-004
   5.5065567845765057E-004
   4.1590594623548314E-004
   4.5911504875184903E-004
   4.8303561236463381E-004
   4.9485383803975268E-004
   5.2715481672122955E-004
   5.6443834730625809E-004
   5.0080356261582900E-004
   4.6887013694432234E-004
   5.2120932398440378E-004
   4.8328785966349452E-004
   4.5848141785997769E-004
   4.5157006268456093E-004
   4.9063387355464049E-004
   4.0010721684546793E-004
   4.7841900059515836E-004
