   1000000.0000000000        2.0000000000000000     
   1010000.0000000000        2.0000000000000000     
   1020000.0000000000        2.0000000000000000     
   1030000.0000000000        2.0000000000000000     
   1040000.0000000000        2.0000000000000000     
   1050000.0000000000        2.0000000000000000     
   1060000.0000000000        2.0000000000000000     
   1070000.0000000000        2.0000000000000000     
   1080000.0000000000        2.0000000000000000     
   1090000.0000000000        2.0000000000000000     
   1100000.0000000000        2.0000000000000000     
   1110000.0000000000        2.0000000000000000     
   1120000.0000000000        2.0000000000000000     
   1130000.0000000000        2.0000000000000000     
   1140000.0000000000        2.0000000000000000     
   1150000.0000000000        2.0000000000000000     
   1160000.0000000000        2.0000000000000000     
   1170000.0000000000        2.0000000000000000     
   1180000.0000000000        2.0000000000000000     
   1190000.0000000000        2.0000000000000000     
   1200000.0000000000        2.0000000000000000     
   1210000.0000000000        2.0000000000000000     
   1220000.0000000000        2.0000000000000000     
   1230000.0000000000        2.0000000000000000     
   1240000.0000000000        2.0000000000000000     
   1250000.0000000000        2.0000000000000000     
   1260000.0000000000        2.0000000000000000     
   1270000.0000000000        2.0000000000000000     
   1280000.0000000000        2.0000000000000000     
   1290000.0000000000        2.0000000000000000     
   1300000.0000000000        2.0000000000000000     
   1310000.0000000000        2.0000000000000000     
   1320000.0000000000        2.0000000000000000     
   1330000.0000000000        2.0000000000000000     
   1340000.0000000000        2.0000000000000000     
   1350000.0000000000        2.0000000000000000     
   1360000.0000000000        2.0000000000000000     
   1370000.0000000000        2.0000000000000000     
   1380000.0000000000        2.0000000000000000     
   1390000.0000000000        2.0000000000000000     
   1400000.0000000000        2.0000000000000000     
   1410000.0000000000        2.0000000000000000     
   1420000.0000000000        2.0000000000000000     
   1430000.0000000000        2.0000000000000000     
   1440000.0000000000        2.0000000000000000     
   1450000.0000000000        2.0000000000000000     
   1460000.0000000000        2.0000000000000000     
   1470000.0000000000        2.0000000000000000     
   1480000.0000000000        2.0000000000000000     
   1490000.0000000000        2.0000000000000000     
   1500000.0000000000        2.0000000000000000     
   1510000.0000000000        2.0000000000000000     
   1520000.0000000000        2.0000000000000000     
   1530000.0000000000        2.0000000000000000     
   1540000.0000000000        2.0000000000000000     
   1550000.0000000000        2.0000000000000000     
   1560000.0000000000        2.0000000000000000     
   1570000.0000000000        2.0000000000000000     
   1580000.0000000000        2.0000000000000000     
   1590000.0000000000        2.0000000000000000     
   1600000.0000000000        2.0000000000000000     
   1610000.0000000000        2.0000000000000000     
   1620000.0000000000        2.0000000000000000     
   1630000.0000000000        2.0000000000000000     
   1640000.0000000000        2.0000000000000000     
   1650000.0000000000        2.0000000000000000     
   1660000.0000000000        2.0000000000000000     
   1670000.0000000000        2.0000000000000000     
   1680000.0000000000        2.0000000000000000     
   1690000.0000000000        2.0000000000000000     
   1700000.0000000000        2.0000000000000000     
   1710000.0000000000        2.0000000000000000     
   1720000.0000000000        2.0000000000000000     
   1730000.0000000000        2.0000000000000000     
   1740000.0000000000        2.0000000000000000     
   1750000.0000000000        2.0000000000000000     
   1760000.0000000000        2.0000000000000000     
   1770000.0000000000        2.0000000000000000     
   1780000.0000000000        2.0000000000000000     
   1790000.0000000000        2.0000000000000000     
   1800000.0000000000        2.0000000000000000     
   1810000.0000000000        2.0000000000000000     
   1820000.0000000000        2.0000000000000000     
   1830000.0000000000        2.0000000000000000     
   1840000.0000000000        2.0000000000000000     
   1850000.0000000000        2.0000000000000000     
   1860000.0000000000        2.0000000000000000     
   1870000.0000000000        2.0000000000000000     
   1880000.0000000000        2.0000000000000000     
   1890000.0000000000        2.0000000000000000     
   1900000.0000000000        2.0000000000000000     
   1910000.0000000000        2.0000000000000000     
   1920000.0000000000        2.0000000000000000     
   1930000.0000000000        2.0000000000000000     
   1940000.0000000000        2.0000000000000000     
   1950000.0000000000        2.0000000000000000     
   1960000.0000000000        2.0000000000000000     
   1970000.0000000000        2.0000000000000000     
   1980000.0000000000        2.0000000000000000     
   1990000.0000000000        2.0000000000000000     
   2000000.0000000000        2.0000000000000000     
