   5.5004726807015780     
   22.327013208447845     
   6.3191830054277611     
   100.99976761669296     
   5.9262942978303297     
   7.5346977110326989     
   11.084803517165497     
   20.427391580488500     
   8.2649660318903582     
   6.8487004596019361     
   4.9268492012247789     
   43.687778276320444     
   11.775710974641489     
   7.0713165184387803     
   8.1608236473611235     
   5.3124533853806843     
   54.532471786235476     
   65.417389499931289     
   19.055080180828504     
   13.320173884263246     
   16.130819598230062     
   6.1199352166793588     
   37.404935647328188     
   28.773851853939192     
   8.8720104127869881     
   12.292522472334177     
   19.261316750895247     
   4.5616845309065495     
   16.681347341752726     
   4.3507145811056436     
   28.130806747298074     
   21.049200917396021     
   8.6651734098776281     
   8.0125699452302008     
   22.884595521501137     
   7.7763462564367085     
   178.07372883033798     
   10.432970334961862     
   7.0706408414387800     
   40.087953869704748     
   10.607375789752027     
   11.630089222091861     
   9.2112847812113863     
   20.027059495247052     
   8.5625008296555336     
   5.8043822224486039     
   4.3298154901105885     
   12.130623311556867     
   14.540599087846813     
   8.3453376644527975     
   208.18461681110574     
   21.649809978097935     
   8.4751487371034315     
   10.883936142386109     
   46.854044488157662     
   3.6269085032950645     
   16.287605187780763     
   6.1376474815043984     
   10.726459059390484     
   6.9430639181620908     
   7.5527917174175325     
   11.264859430468590     
   5.1912971855396792     
   9.3354007614722789     
   7.4488148392074862     
   8.1657373940047577     
   7.1113948524417854     
   12.892678454959292     
   64.202295294529577     
   11.659958289452458     
   21.027950455377521     
   12.923230407543301     
   3.9233619930848573     
   4.9221556940354194     
   11.057195443402849     
   39.615738747051964     
   36.529174263290578     
   11.551693670074901     
   11.229756815985622     
   11.952263129538014     
   14.718491345787079     
   14.117344926255605     
   20.288537590662415     
   7.3823146950422096     
   23.761559344753124     
   7.8019236673349370     
   10.085938153158388     
   13.380725599675145     
   4.0762038732126635     
   18.121340801336650     
   15.407546440459253     
   10.598294470438779     
   9.7634790018679105     
   13.495448657977832     
   16.319151188180903     
   15.253081934034473     
   16.255806541814575     
   10.692027006559382     
   12.486692056312039     
   9.4409721794315189     
