   1000000.0000000000        2.1213938102042575E-003
   1010000.0000000000        2.3155351221241694E-003
   1020000.0000000000        2.2867346299804995E-003
   1030000.0000000000        2.2582923566950939E-003
   1040000.0000000000        2.0178035467186889E-003
   1050000.0000000000        2.2024647000944962E-003
   1060000.0000000000        2.1750705713310375E-003
   1070000.0000000000        2.1480171691593266E-003
   1080000.0000000000        2.1213002556416910E-003
   1090000.0000000000        2.0949156455516795E-003
   1100000.0000000000        2.2866337838023955E-003
   1110000.0000000000        2.2581927648359307E-003
   1120000.0000000000        2.2301054936211080E-003
   1130000.0000000000        2.2023675702638203E-003
   1140000.0000000000        1.9678342714492757E-003
   1150000.0000000000        1.9433584624091048E-003
   1160000.0000000000        2.1212067052049292E-003
   1170000.0000000000        2.0948232586898486E-003
   1180000.0000000000        2.0687679679590705E-003
   1190000.0000000000        2.2580931773688189E-003
   1200000.0000000000        2.0176255782861255E-003
   1210000.0000000000        2.2022704447166191E-003
   1220000.0000000000        2.1748787320903335E-003
   1230000.0000000000        2.1478277160040219E-003
   1240000.0000000000        2.1211131588937922E-003
   1250000.0000000000        2.0947308759023280E-003
   1260000.0000000000        2.2864321047880993E-003
   1270000.0000000000        2.2579935942935677E-003
   1280000.0000000000        2.2299088003504509E-003
   1290000.0000000000        2.2021733234527060E-003
   1300000.0000000000        2.1747828188150927E-003
   1310000.0000000000        1.9431870599650844E-003
   1320000.0000000000        2.1210196167080939E-003
   1330000.0000000000        2.3151266839649414E-003
   1340000.0000000000        2.0685855045110353E-003
   1350000.0000000000        2.2578940156099802E-003
   1360000.0000000000        2.2298104602207791E-003
   1370000.0000000000        2.2020762064718881E-003
   1380000.0000000000        1.9675739354077511E-003
   1390000.0000000000        2.3737053888690800E-003
   1400000.0000000000        2.1209260786476539E-003
   1410000.0000000000        2.0945461225494889E-003
   1420000.0000000000        2.2862304435617058E-003
   1430000.0000000000        2.0427664664225331E-003
   1440000.0000000000        2.2297121244279593E-003
   1450000.0000000000        2.2019790937739814E-003
   1460000.0000000000        2.1745910049538971E-003
   1470000.0000000000        2.1475435676010938E-003
   1480000.0000000000        2.1208325447122922E-003
   1490000.0000000000        2.0944537519838142E-003
   1500000.0000000000        2.2861296196184846E-003
   1510000.0000000000        2.0426763793664339E-003
   1520000.0000000000        2.2296137929717994E-003
   1530000.0000000000        2.2018819853587951E-003
   1540000.0000000000        2.1744951043675713E-003
   1550000.0000000000        2.1474488598207230E-003
   1560000.0000000000        2.1207390149018250E-003
   1570000.0000000000        2.0943613854917291E-003
   1580000.0000000000        2.0683118395131198E-003
   1590000.0000000000        2.0425862962832201E-003
   1600000.0000000000        2.2295154658521069E-003
   1610000.0000000000        2.2017848812261403E-003
   1620000.0000000000        2.1743992080105116E-003
   1630000.0000000000        2.3733913578179691E-003
   1640000.0000000000        2.1206454892160709E-003
   1650000.0000000000        2.0942690230730532E-003
   1660000.0000000000        2.0682206258928731E-003
   1670000.0000000000        2.2574957447884089E-003
   1680000.0000000000        2.0170917671628219E-003
   1690000.0000000000        2.2016877813758255E-003
   1700000.0000000000        2.1743033158825287E-003
   1710000.0000000000        2.1472594567897834E-003
   1720000.0000000000        2.1205519676548482E-003
   1730000.0000000000        2.0941766647276094E-003
   1740000.0000000000        2.2858271744663635E-003
   1750000.0000000000        2.2573961880602445E-003
   1760000.0000000000        2.0170028123742204E-003
   1770000.0000000000        2.2015906858076683E-003
   1780000.0000000000        2.1742074279834417E-003
   1790000.0000000000        2.1471647615388485E-003
   1800000.0000000000        2.1204584502179757E-003
   1810000.0000000000        2.0940843104552171E-003
   1820000.0000000000        2.2857263683075191E-003
   1830000.0000000000        2.0423160708691428E-003
   1840000.0000000000        2.4638752201153555E-003
   1850000.0000000000        2.2014935945214747E-003
   1860000.0000000000        2.4029653121100778E-003
   1870000.0000000000        2.1470700704640214E-003
   1880000.0000000000        2.1203649369052691E-003
   1890000.0000000000        2.0939919602556939E-003
   1900000.0000000000        2.2856255665942766E-003
   1910000.0000000000        2.2571970877752288E-003
   1920000.0000000000        2.0168249145656987E-003
   1930000.0000000000        2.2013965075170557E-003
   1940000.0000000000        2.1740156648711946E-003
   1950000.0000000000        2.1469753835651182E-003
   1960000.0000000000        2.1202714277165466E-003
   1970000.0000000000        2.0938996141288612E-003
   1980000.0000000000        2.2855247693264404E-003
   1990000.0000000000        2.0421359404543052E-003
   2000000.0000000000        2.2290238952939719E-003
