   1000000.0000000000        3.8596441041733076     
   1010000.0000000000        4.2128629956039427     
   1020000.0000000000        4.1604636489268154     
   1030000.0000000000        4.5412123185573670     
   1040000.0000000000        4.0576120694123423     
   1050000.0000000000        4.4289481818439782     
   1060000.0000000000        3.5804172104301446     
   1070000.0000000000        3.9080823950412995     
   1080000.0000000000        3.8594738918751084     
   1090000.0000000000        3.8114699784645110     
   1100000.0000000000        3.7640631349570377     
   1110000.0000000000        3.7172459350317100     
   1120000.0000000000        4.0574331266246428     
   1130000.0000000000        3.6253512213354657     
   1140000.0000000000        3.9571285834145775     
   1150000.0000000000        3.9079100465894610     
   1160000.0000000000        3.4917510697355953     
   1170000.0000000000        4.2124914249299144     
   1180000.0000000000        3.4054308556685187     
   1190000.0000000000        3.7170820025663112     
   1200000.0000000000        3.6708491512528409     
   1210000.0000000000        3.6251913414743964     
   1220000.0000000000        3.9569540720005025     
   1230000.0000000000        3.9077377057382772     
   1240000.0000000000        4.2653579274913929     
   1250000.0000000000        4.6557060938091981     
   1260000.0000000000        4.1599132374145453     
   1270000.0000000000        3.7169180773304116     
   1280000.0000000000        4.0570752647233004     
   1290000.0000000000        3.6250314686641048     
   1300000.0000000000        3.9567795682824642     
   1310000.0000000000        4.3188879013365220     
   1320000.0000000000        4.2651698230040607     
   1330000.0000000000        3.8109657373193255     
   1340000.0000000000        3.7635651655341005     
   1350000.0000000000        3.7167541593237008     
   1360000.0000000000        3.6705253857055511     
   1370000.0000000000        4.4281669579163401     
   1380000.0000000000        3.9566050722601340     
   1390000.0000000000        3.9073930468365261     
   1400000.0000000000        4.2649817268122368     
   1410000.0000000000        4.2119341303658189     
   1420000.0000000000        3.7633991903667106     
   1430000.0000000000        3.7165902485458600     
   1440000.0000000000        4.0567174343850478     
   1450000.0000000000        4.8940737940418861     
   1460000.0000000000        3.5796277888210826     
   1470000.0000000000        3.9072207287852962     
   1480000.0000000000        3.8586229429742422     
   1490000.0000000000        3.4477126208662803     
   1500000.0000000000        3.7632332225189131     
   1510000.0000000000        4.1076289831580350     
   1520000.0000000000        4.0565385310512116     
   1530000.0000000000        4.4277763976291897     
   1540000.0000000000        3.9562561033012273     
   1550000.0000000000        3.5349486851433842     
   1560000.0000000000        3.8584527757097775     
   1570000.0000000000        4.2115626416168528     
   1580000.0000000000        4.1591794686675323     
   1590000.0000000000        4.1074478345986067     
   1600000.0000000000        3.6700397909260105     
   1610000.0000000000        4.0059068686846899     
   1620000.0000000000        3.9560816303639741     
   1630000.0000000000        4.3181260909854444     
   1640000.0000000000        3.8582826159497787     
   1650000.0000000000        4.2113769095294140     
   1660000.0000000000        3.7629013087807990     
   1670000.0000000000        3.7160985595823641     
   1680000.0000000000        4.0561807480523839     
   1690000.0000000000        4.0057302061230446     
   1700000.0000000000        3.5791542194040957     
   1710000.0000000000        4.3179356593948581     
   1720000.0000000000        4.2642294249926822     
   1730000.0000000000        4.2111911856328570     
   1740000.0000000000        3.4043797259271611     
   1750000.0000000000        3.3620362474742462     
   1760000.0000000000        4.4829492861491662     
   1770000.0000000000        4.4271906217857584     
   1780000.0000000000        4.3721254804700447     
   1790000.0000000000        4.3177452362024038     
   1800000.0000000000        3.8579423189418534     
   1810000.0000000000        3.8099574551469626     
   1820000.0000000000        4.5963795209403857     
   1830000.0000000000        3.7157708030785352     
   1840000.0000000000        4.0558229966096908     
   1850000.0000000000        4.4269953803930386     
   1860000.0000000000        4.3719326674784931     
   1870000.0000000000        3.9063592525121726     
   1880000.0000000000        3.8577721816932606     
   1890000.0000000000        4.2108197624109387     
   1900000.0000000000        3.7624034930624886     
   1910000.0000000000        4.1067233202448268     
   1920000.0000000000        3.6693924311506594     
   1930000.0000000000        4.0052002651821885     
   1940000.0000000000        3.9553838155550354     
   1950000.0000000000        3.5341692885772984     
   1960000.0000000000        3.4902114950385443     
   1970000.0000000000        3.8096214203741421     
   1980000.0000000000        4.1582624397416978     
   1990000.0000000000        4.1065422116256007     
   2000000.0000000000        3.6692306090494893     
