   1000000.0000000000        0.0000000000000000     
   1010000.0000000000       0.49669998884201050     
   1020000.0000000000       0.50260001420974731     
   1030000.0000000000       0.50650000572204590     
   1040000.0000000000       0.49979999661445618     
   1050000.0000000000       0.49669998884201050     
   1060000.0000000000       0.50679999589920044     
   1070000.0000000000       0.50999999046325684     
   1080000.0000000000       0.49810001254081726     
   1090000.0000000000       0.50739997625350952     
   1100000.0000000000       0.50199997425079346     
   1110000.0000000000       0.50669997930526733     
   1120000.0000000000       0.50089997053146362     
   1130000.0000000000       0.49860000610351562     
   1140000.0000000000       0.49309998750686646     
   1150000.0000000000       0.50849997997283936     
   1160000.0000000000       0.49369999766349792     
   1170000.0000000000       0.49050000309944153     
   1180000.0000000000       0.50709998607635498     
   1190000.0000000000       0.50580000877380371     
   1200000.0000000000       0.49799999594688416     
   1210000.0000000000       0.50279998779296875     
   1220000.0000000000       0.50349998474121094     
   1230000.0000000000       0.49419999122619629     
   1240000.0000000000       0.49819999933242798     
   1250000.0000000000       0.49900001287460327     
   1260000.0000000000       0.49430000782012939     
   1270000.0000000000       0.50940001010894775     
   1280000.0000000000       0.50510001182556152     
   1290000.0000000000       0.50389999151229858     
   1300000.0000000000       0.49860000610351562     
   1310000.0000000000       0.50489997863769531     
   1320000.0000000000       0.50760000944137573     
   1330000.0000000000       0.50209999084472656     
   1340000.0000000000       0.50019997358322144     
   1350000.0000000000       0.49970000982284546     
   1360000.0000000000       0.50190001726150513     
   1370000.0000000000       0.49360001087188721     
   1380000.0000000000       0.49739998579025269     
   1390000.0000000000       0.51059997081756592     
   1400000.0000000000       0.50139999389648438     
   1410000.0000000000       0.50440001487731934     
   1420000.0000000000       0.49959999322891235     
   1430000.0000000000       0.48980000615119934     
   1440000.0000000000       0.49919998645782471     
   1450000.0000000000       0.50929999351501465     
   1460000.0000000000       0.50000000000000000     
   1470000.0000000000       0.49480000138282776     
   1480000.0000000000       0.50120002031326294     
   1490000.0000000000       0.49790000915527344     
   1500000.0000000000       0.50789999961853027     
   1510000.0000000000       0.49540001153945923     
   1520000.0000000000       0.50709998607635498     
   1530000.0000000000       0.50679999589920044     
   1540000.0000000000       0.50309997797012329     
   1550000.0000000000       0.49750000238418579     
   1560000.0000000000       0.50370001792907715     
   1570000.0000000000       0.50110000371932983     
   1580000.0000000000       0.49649998545646667     
   1590000.0000000000       0.50529998540878296     
   1600000.0000000000       0.49630001187324524     
   1610000.0000000000       0.49639999866485596     
   1620000.0000000000       0.49990001320838928     
   1630000.0000000000       0.50010001659393311     
   1640000.0000000000       0.49790000915527344     
   1650000.0000000000       0.49829998612403870     
   1660000.0000000000       0.49610000848770142     
   1670000.0000000000       0.49900001287460327     
   1680000.0000000000       0.50809997320175171     
   1690000.0000000000       0.50050002336502075     
   1700000.0000000000       0.50569999217987061     
   1710000.0000000000       0.49779999256134033     
   1720000.0000000000       0.49210000038146973     
   1730000.0000000000       0.49869999289512634     
   1740000.0000000000       0.49860000610351562     
   1750000.0000000000       0.50950002670288086     
   1760000.0000000000       0.49709999561309814     
   1770000.0000000000       0.49869999289512634     
   1780000.0000000000       0.49169999361038208     
   1790000.0000000000       0.50959998369216919     
   1800000.0000000000       0.50650000572204590     
   1810000.0000000000       0.50040000677108765     
   1820000.0000000000       0.50269997119903564     
   1830000.0000000000       0.50160002708435059     
   1840000.0000000000       0.51410001516342163     
   1850000.0000000000       0.50900000333786011     
   1860000.0000000000       0.49180001020431519     
   1870000.0000000000       0.49729999899864197     
   1880000.0000000000       0.49390000104904175     
   1890000.0000000000       0.49410000443458557     
   1900000.0000000000       0.49500000476837158     
   1910000.0000000000       0.50239998102188110     
   1920000.0000000000       0.49990001320838928     
   1930000.0000000000       0.50220000743865967     
   1940000.0000000000       0.50019997358322144     
   1950000.0000000000       0.49869999289512634     
   1960000.0000000000       0.50069999694824219     
   1970000.0000000000       0.50819998979568481     
   1980000.0000000000       0.50340002775192261     
   1990000.0000000000       0.49990001320838928     
   2000000.0000000000       0.49610000848770142     
