   1000000.0000000000        0.0000000000000000     
   1010000.0000000000       0.50169998407363892     
   1020000.0000000000       0.50650000572204590     
   1030000.0000000000       0.49930000305175781     
   1040000.0000000000       0.50110000371932983     
   1050000.0000000000       0.49860000610351562     
   1060000.0000000000       0.49250000715255737     
   1070000.0000000000       0.50590002536773682     
   1080000.0000000000       0.50050002336502075     
   1090000.0000000000       0.50980001688003540     
   1100000.0000000000       0.50340002775192261     
   1110000.0000000000       0.50459998846054077     
   1120000.0000000000       0.50900000333786011     
   1130000.0000000000       0.49869999289512634     
   1140000.0000000000       0.51800000667572021     
   1150000.0000000000       0.49570000171661377     
   1160000.0000000000       0.49909999966621399     
   1170000.0000000000       0.51130002737045288     
   1180000.0000000000       0.48899999260902405     
   1190000.0000000000       0.50840002298355103     
   1200000.0000000000       0.50550001859664917     
   1210000.0000000000       0.50569999217987061     
   1220000.0000000000       0.51300001144409180     
   1230000.0000000000       0.50499999523162842     
   1240000.0000000000       0.49099999666213989     
   1250000.0000000000       0.50370001792907715     
   1260000.0000000000       0.48969998955726624     
   1270000.0000000000       0.50010001659393311     
   1280000.0000000000       0.49939998984336853     
   1290000.0000000000       0.49860000610351562     
   1300000.0000000000       0.49979999661445618     
   1310000.0000000000       0.50110000371932983     
   1320000.0000000000       0.50000000000000000     
   1330000.0000000000       0.49419999122619629     
   1340000.0000000000       0.50029999017715454     
   1350000.0000000000       0.50470000505447388     
   1360000.0000000000       0.49549999833106995     
   1370000.0000000000       0.51039999723434448     
   1380000.0000000000       0.50120002031326294     
   1390000.0000000000       0.50529998540878296     
   1400000.0000000000       0.50609999895095825     
   1410000.0000000000       0.49559998512268066     
   1420000.0000000000       0.50379997491836548     
   1430000.0000000000       0.49849998950958252     
   1440000.0000000000       0.50000000000000000     
   1450000.0000000000       0.49720001220703125     
   1460000.0000000000       0.49250000715255737     
   1470000.0000000000       0.51490002870559692     
   1480000.0000000000       0.50120002031326294     
   1490000.0000000000       0.50569999217987061     
   1500000.0000000000       0.50730001926422119     
   1510000.0000000000       0.50590002536773682     
   1520000.0000000000       0.50279998779296875     
   1530000.0000000000       0.49529999494552612     
   1540000.0000000000       0.49990001320838928     
   1550000.0000000000       0.49700000882148743     
   1560000.0000000000       0.50629997253417969     
   1570000.0000000000       0.50880002975463867     
   1580000.0000000000       0.49930000305175781     
   1590000.0000000000       0.49639999866485596     
   1600000.0000000000       0.49930000305175781     
   1610000.0000000000       0.51289999485015869     
   1620000.0000000000       0.49959999322891235     
   1630000.0000000000       0.50789999961853027     
   1640000.0000000000       0.49779999256134033     
   1650000.0000000000       0.49720001220703125     
   1660000.0000000000       0.49489998817443848     
   1670000.0000000000       0.49520000815391541     
   1680000.0000000000       0.50999999046325684     
   1690000.0000000000       0.49390000104904175     
   1700000.0000000000       0.50199997425079346     
   1710000.0000000000       0.51109999418258667     
   1720000.0000000000       0.49110001325607300     
   1730000.0000000000       0.50180000066757202     
   1740000.0000000000       0.49649998545646667     
   1750000.0000000000       0.49979999661445618     
   1760000.0000000000       0.50370001792907715     
   1770000.0000000000       0.49009999632835388     
   1780000.0000000000       0.50739997625350952     
   1790000.0000000000       0.49669998884201050     
   1800000.0000000000       0.50349998474121094     
   1810000.0000000000       0.51209998130798340     
   1820000.0000000000       0.50789999961853027     
   1830000.0000000000       0.49160000681877136     
   1840000.0000000000       0.50349998474121094     
   1850000.0000000000       0.50370001792907715     
   1860000.0000000000       0.49500000476837158     
   1870000.0000000000       0.49860000610351562     
   1880000.0000000000       0.49990001320838928     
   1890000.0000000000       0.49829998612403870     
   1900000.0000000000       0.50379997491836548     
   1910000.0000000000       0.50050002336502075     
   1920000.0000000000       0.49540001153945923     
   1930000.0000000000       0.50550001859664917     
   1940000.0000000000       0.50050002336502075     
   1950000.0000000000       0.49669998884201050     
   1960000.0000000000       0.50510001182556152     
   1970000.0000000000       0.51819998025894165     
   1980000.0000000000       0.50720000267028809     
   1990000.0000000000       0.49799999594688416     
   2000000.0000000000       0.50010001659393311     
