   1000000.0000000000        0.0000000000000000     
   1010000.0000000000       0.49700000882148743     
   1020000.0000000000       0.49900001287460327     
   1030000.0000000000       0.48890000581741333     
   1040000.0000000000       0.49509999155998230     
   1050000.0000000000       0.50340002775192261     
   1060000.0000000000       0.49459999799728394     
   1070000.0000000000       0.50099998712539673     
   1080000.0000000000       0.50709998607635498     
   1090000.0000000000       0.50249999761581421     
   1100000.0000000000       0.49860000610351562     
   1110000.0000000000       0.49869999289512634     
   1120000.0000000000       0.50220000743865967     
   1130000.0000000000       0.50099998712539673     
   1140000.0000000000       0.50559997558593750     
   1150000.0000000000       0.51260000467300415     
   1160000.0000000000       0.50540000200271606     
   1170000.0000000000       0.49500000476837158     
   1180000.0000000000       0.50290000438690186     
   1190000.0000000000       0.51270002126693726     
   1200000.0000000000       0.49230000376701355     
   1210000.0000000000       0.50480002164840698     
   1220000.0000000000       0.49919998645782471     
   1230000.0000000000       0.50559997558593750     
   1240000.0000000000       0.50230002403259277     
   1250000.0000000000       0.50700002908706665     
   1260000.0000000000       0.50529998540878296     
   1270000.0000000000       0.50190001726150513     
   1280000.0000000000       0.49750000238418579     
   1290000.0000000000       0.50129997730255127     
   1300000.0000000000       0.50309997797012329     
   1310000.0000000000       0.50209999084472656     
   1320000.0000000000       0.50970000028610229     
   1330000.0000000000       0.50639998912811279     
   1340000.0000000000       0.49549999833106995     
   1350000.0000000000       0.50249999761581421     
   1360000.0000000000       0.50620001554489136     
   1370000.0000000000       0.50569999217987061     
   1380000.0000000000       0.50520002841949463     
   1390000.0000000000       0.50529998540878296     
   1400000.0000000000       0.50230002403259277     
   1410000.0000000000       0.49590000510215759     
   1420000.0000000000       0.51310002803802490     
   1430000.0000000000       0.49689999222755432     
   1440000.0000000000       0.50340002775192261     
   1450000.0000000000       0.49390000104904175     
   1460000.0000000000       0.49259999394416809     
   1470000.0000000000       0.50309997797012329     
   1480000.0000000000       0.49750000238418579     
   1490000.0000000000       0.49579998850822449     
   1500000.0000000000       0.50999999046325684     
   1510000.0000000000       0.49599999189376831     
   1520000.0000000000       0.49900001287460327     
   1530000.0000000000       0.50480002164840698     
   1540000.0000000000       0.49930000305175781     
   1550000.0000000000       0.49799999594688416     
   1560000.0000000000       0.50440001487731934     
   1570000.0000000000       0.50330001115798950     
   1580000.0000000000       0.49189999699592590     
   1590000.0000000000       0.50110000371932983     
   1600000.0000000000       0.50489997863769531     
   1610000.0000000000       0.50249999761581421     
   1620000.0000000000       0.49970000982284546     
   1630000.0000000000       0.49950000643730164     
   1640000.0000000000       0.50019997358322144     
   1650000.0000000000       0.50559997558593750     
   1660000.0000000000       0.50419998168945312     
   1670000.0000000000       0.50089997053146362     
   1680000.0000000000       0.50190001726150513     
   1690000.0000000000       0.50989997386932373     
   1700000.0000000000       0.49470001459121704     
   1710000.0000000000       0.49099999666213989     
   1720000.0000000000       0.50089997053146362     
   1730000.0000000000       0.51010000705718994     
   1740000.0000000000       0.51069998741149902     
   1750000.0000000000       0.49270001053810120     
   1760000.0000000000       0.49300000071525574     
   1770000.0000000000       0.50279998779296875     
   1780000.0000000000       0.50180000066757202     
   1790000.0000000000       0.50169998407363892     
   1800000.0000000000       0.49399998784065247     
   1810000.0000000000       0.50260001420974731     
   1820000.0000000000       0.50639998912811279     
   1830000.0000000000       0.49930000305175781     
   1840000.0000000000       0.50059998035430908     
   1850000.0000000000       0.48840001225471497     
   1860000.0000000000       0.50220000743865967     
   1870000.0000000000       0.49779999256134033     
   1880000.0000000000       0.51029998064041138     
   1890000.0000000000       0.50180000066757202     
   1900000.0000000000       0.50069999694824219     
   1910000.0000000000       0.49529999494552612     
   1920000.0000000000       0.50709998607635498     
   1930000.0000000000       0.50510001182556152     
   1940000.0000000000       0.50910001993179321     
   1950000.0000000000       0.50379997491836548     
   1960000.0000000000       0.49590000510215759     
   1970000.0000000000       0.50150001049041748     
   1980000.0000000000       0.50279998779296875     
   1990000.0000000000       0.49829998612403870     
   2000000.0000000000       0.49520000815391541     
