   1000000.0000000000        0.0000000000000000     
   1010000.0000000000       0.49320000410079956     
   1020000.0000000000       0.50669997930526733     
   1030000.0000000000       0.49649998545646667     
   1040000.0000000000       0.50429999828338623     
   1050000.0000000000       0.50249999761581421     
   1060000.0000000000       0.49590000510215759     
   1070000.0000000000       0.49279999732971191     
   1080000.0000000000       0.49909999966621399     
   1090000.0000000000       0.49559998512268066     
   1100000.0000000000       0.49829998612403870     
   1110000.0000000000       0.50389999151229858     
   1120000.0000000000       0.50749999284744263     
   1130000.0000000000       0.50239998102188110     
   1140000.0000000000       0.50110000371932983     
   1150000.0000000000       0.49470001459121704     
   1160000.0000000000       0.50400000810623169     
   1170000.0000000000       0.50069999694824219     
   1180000.0000000000       0.51130002737045288     
   1190000.0000000000       0.50970000028610229     
   1200000.0000000000       0.50580000877380371     
   1210000.0000000000       0.50349998474121094     
   1220000.0000000000       0.50080001354217529     
   1230000.0000000000       0.50319999456405640     
   1240000.0000000000       0.49660000205039978     
   1250000.0000000000       0.50209999084472656     
   1260000.0000000000       0.50709998607635498     
   1270000.0000000000       0.50770002603530884     
   1280000.0000000000       0.49140000343322754     
   1290000.0000000000       0.50220000743865967     
   1300000.0000000000       0.49680000543594360     
   1310000.0000000000       0.51010000705718994     
   1320000.0000000000       0.50069999694824219     
   1330000.0000000000       0.50290000438690186     
   1340000.0000000000       0.49770000576972961     
   1350000.0000000000       0.49849998950958252     
   1360000.0000000000       0.50279998779296875     
   1370000.0000000000       0.50209999084472656     
   1380000.0000000000       0.50349998474121094     
   1390000.0000000000       0.50180000066757202     
   1400000.0000000000       0.50679999589920044     
   1410000.0000000000       0.50660002231597900     
   1420000.0000000000       0.50290000438690186     
   1430000.0000000000       0.50660002231597900     
   1440000.0000000000       0.50379997491836548     
   1450000.0000000000       0.50989997386932373     
   1460000.0000000000       0.49649998545646667     
   1470000.0000000000       0.49840000271797180     
   1480000.0000000000       0.50249999761581421     
   1490000.0000000000       0.49919998645782471     
   1500000.0000000000       0.50400000810623169     
   1510000.0000000000       0.49360001087188721     
   1520000.0000000000       0.49459999799728394     
   1530000.0000000000       0.49869999289512634     
   1540000.0000000000       0.49399998784065247     
   1550000.0000000000       0.49909999966621399     
   1560000.0000000000       0.50639998912811279     
   1570000.0000000000       0.50209999084472656     
   1580000.0000000000       0.49750000238418579     
   1590000.0000000000       0.49919998645782471     
   1600000.0000000000       0.50849997997283936     
   1610000.0000000000       0.50120002031326294     
   1620000.0000000000       0.50529998540878296     
   1630000.0000000000       0.49419999122619629     
   1640000.0000000000       0.49880000948905945     
   1650000.0000000000       0.50089997053146362     
   1660000.0000000000       0.49529999494552612     
   1670000.0000000000       0.50620001554489136     
   1680000.0000000000       0.50700002908706665     
   1690000.0000000000       0.49840000271797180     
   1700000.0000000000       0.50700002908706665     
   1710000.0000000000       0.49129998683929443     
   1720000.0000000000       0.50730001926422119     
   1730000.0000000000       0.50249999761581421     
   1740000.0000000000       0.50540000200271606     
   1750000.0000000000       0.50639998912811279     
   1760000.0000000000       0.49840000271797180     
   1770000.0000000000       0.49619999527931213     
   1780000.0000000000       0.50629997253417969     
   1790000.0000000000       0.49619999527931213     
   1800000.0000000000       0.49779999256134033     
   1810000.0000000000       0.50599998235702515     
   1820000.0000000000       0.50720000267028809     
   1830000.0000000000       0.50830000638961792     
   1840000.0000000000       0.50510001182556152     
   1850000.0000000000       0.50269997119903564     
   1860000.0000000000       0.50059998035430908     
   1870000.0000000000       0.50330001115798950     
   1880000.0000000000       0.49779999256134033     
   1890000.0000000000       0.49939998984336853     
   1900000.0000000000       0.50559997558593750     
   1910000.0000000000       0.50199997425079346     
   1920000.0000000000       0.50300002098083496     
   1930000.0000000000       0.49720001220703125     
   1940000.0000000000       0.50749999284744263     
   1950000.0000000000       0.49570000171661377     
   1960000.0000000000       0.49520000815391541     
   1970000.0000000000       0.50300002098083496     
   1980000.0000000000       0.48420000076293945     
   1990000.0000000000       0.50050002336502075     
   2000000.0000000000       0.51190000772476196     
