   2.1969368842677910E-002
   2.2619869804975202E-002
   2.2520562658979129E-002
   2.2250870494849095E-002
   2.2551589311620622E-002
   2.1950914097028082E-002
   2.3544473172248150E-002
   2.3058789102031563E-002
   2.2384530144719687E-002
   2.3323590021039571E-002
   2.2001131103302939E-002
   2.2661604665270927E-002
   2.2572282027830404E-002
   2.4516466444953339E-002
   2.1242623952821064E-002
   2.1061013736938996E-002
   2.1791334340855791E-002
   2.1094295971260803E-002
   2.1471388513306076E-002
   2.1633779427897775E-002
   2.1907701158684026E-002
   2.0352898115800593E-002
   2.2230105443780374E-002
   2.2317425878248864E-002
   2.1842586933697831E-002
   2.3326472879192421E-002
   2.3081209954526734E-002
   2.2739831559329945E-002
   2.2591591495527894E-002
   2.2747710515203228E-002
   2.2034336829305626E-002
   2.3380225592767569E-002
   2.3487209002572413E-002
   2.1793056280038654E-002
   2.1391576416008484E-002
   2.3927094234825485E-002
   2.2208217477021369E-002
   2.2318164424435145E-002
   2.2091716058090387E-002
   2.2910233667303388E-002
   2.1065504928184188E-002
   2.2989455673299821E-002
   2.2204873476057756E-002
   2.1980027590764842E-002
   2.1950223896608508E-002
   2.1788919190691352E-002
   2.2427570139031097E-002
   2.3213499602185387E-002
   2.0821465393594685E-002
   2.2297754004356095E-002
   2.3399821901594522E-002
   2.0849373926524362E-002
   2.2128982336587593E-002
   2.1905658046736567E-002
   2.2245282196705258E-002
   2.2338823328430683E-002
   2.2896127161395649E-002
   2.0861826627588027E-002
   2.2594694344860677E-002
   2.2579938598726913E-002
   2.2263070709743371E-002
   2.1856610965463173E-002
   2.1732853497302574E-002
   2.1393015090479882E-002
   2.1640176436372668E-002
   2.2269768285883545E-002
   2.2017769205348044E-002
   2.2641701486403779E-002
   2.0924155685541596E-002
   2.1202418850365001E-002
   2.3517541034277382E-002
   2.1777765660583925E-002
   2.1980288108951612E-002
   2.1111945506091329E-002
   2.2027383242226289E-002
   2.2139568165659099E-002
   2.2177349812247366E-002
   2.2068752496248106E-002
   2.2063085449689743E-002
   2.0298048034319546E-002
   2.2750236252777761E-002
   2.1437111539587342E-002
   2.1298822328691396E-002
   2.1274274318628335E-002
   2.1888118555455239E-002
   2.3466053747011887E-002
   2.0393772241433981E-002
   2.1426970125331509E-002
   2.1978071170251356E-002
   2.2245310472990765E-002
   2.2959852280039380E-002
   2.3757911257226677E-002
   2.2378640767835498E-002
   2.1653409360752461E-002
   2.2830009285683697E-002
   2.1983809034457485E-002
   2.1412179194560690E-002
   2.1250177944774039E-002
   2.2150256737894496E-002
   2.0002680241544332E-002
   2.1872791330672874E-002
