   3.3879933688839375E-003
   3.6508060202589182E-003
   3.5951803552928311E-003
   3.5446847395339681E-003
   3.6439248542367427E-003
   3.4298355398070897E-003
   3.9578106310174284E-003
   3.7667921074524746E-003
   3.6112992489431826E-003
   3.8695715755168022E-003
   3.4396780211519099E-003
   3.6644404772124880E-003
   3.6921981655323832E-003
   4.2788703402995946E-003
   3.2797613372078094E-003
   3.1932444731802186E-003
   3.4233435045550008E-003
   3.1378749572761018E-003
   3.2013197203530786E-003
   3.3057899055853046E-003
   3.4057837836496464E-003
   2.9938928251693423E-003
   3.5588433534201780E-003
   3.4856710802257597E-003
   3.4158875460822075E-003
   3.8907248689044908E-003
   3.7367049779681158E-003
   3.6958869785599130E-003
   3.6858309524745283E-003
   3.6447752995575726E-003
   3.5073383500034321E-003
   3.9327881183911220E-003
   3.9458993259468261E-003
   3.3481435460309800E-003
   3.2464040262668889E-003
   3.9977876744813250E-003
   3.5066184295302876E-003
   3.6066824341179473E-003
   3.4639923266025566E-003
   3.7028942746204782E-003
   3.0563057459857810E-003
   3.7250942112674571E-003
   3.5701629385471189E-003
   3.3954627621074441E-003
   3.4622175966267797E-003
   3.4243771544582653E-003
   3.5809850907279287E-003
   3.8613316442994003E-003
   3.1253798550125410E-003
   3.5832100123154688E-003
   3.8793716668417840E-003
   3.1471669298913712E-003
   3.4370536469659299E-003
   3.4552151853301915E-003
   3.5481805597680008E-003
   3.5855086607876675E-003
   3.7456744707774691E-003
   3.1856699097081152E-003
   3.7126149196746007E-003
   3.7126757273110498E-003
   3.5053113254558885E-003
   3.4183598720907149E-003
   3.4093150913601681E-003
   3.3402437571731689E-003
   3.3908905546927823E-003
   3.5530390036998278E-003
   3.5120517161672327E-003
   3.7369505771898143E-003
   3.1566152564587724E-003
   3.0603753373571064E-003
   4.0416882152465063E-003
   3.4285209723842261E-003
   3.4371963440804829E-003
   3.2117357404623358E-003
   3.4693345421327772E-003
   3.5112601055852836E-003
   3.4555133460853161E-003
   3.4847465390114630E-003
   3.4212219666370698E-003
   2.9978128960425621E-003
   3.6516771626761749E-003
   3.2547807808595186E-003
   3.1638012603289224E-003
   3.2148649869551500E-003
   3.4072790941537820E-003
   3.8822859388645994E-003
   2.9466059138199816E-003
   3.2798977038296022E-003
   3.4133361601067086E-003
   3.5470674781820583E-003
   3.8170735959072153E-003
   3.9805647281770965E-003
   3.5528986391155908E-003
   3.3713120943710548E-003
   3.6302208390428413E-003
   3.4765070222209774E-003
   3.2738726554679782E-003
   3.1801966621092768E-003
   3.4607881687938867E-003
   2.8837709129698988E-003
   3.3857247632653564E-003
