   3.4374424153525401E-002
  0.13548584163467398     
   9.2063115471062135E-002
  0.91957333662052154     
  -1.4425629846731486E-002
 -0.14798130436585388     
  0.13461070585133172     
 -0.58146236275097740     
  0.14729682715094619     
 -0.25203645418837706     
 -0.14051194917966436     
   8.7790174892412864E-003
  0.12960747962298724     
   9.5832978732713819E-002
  -7.2814608003856002E-002
 -0.13952730151858464     
  -1.3996200953656390E-002
  0.11275411250655634     
   2.9417304454308096E-002
 -0.22497657051186162     
   3.0438577264663150E-002
  0.37360003136190778     
 -0.31324082646653623     
 -0.23226755929884602     
  0.28869986099279005     
 -0.79151118934628018     
  -8.3461207033751789E-002
 -0.23318674324956340     
  0.17446315546843078     
   2.4403206868204047E-002
   5.9476307389084437E-003
   6.3452604209937369E-002
 -0.11731278597360563     
  -9.6869873076717294E-003
  -9.5875619799087264E-002
  -7.1521753666308557E-002
   3.1990039343497617E-002
 -0.24393744463813011     
  0.16677384303016071     
 -0.42778040106538068     
 -0.20116525765598292     
   2.3595123806714413E-002
 -0.11502573940071700     
   5.7967768870846731E-002
  -8.5034504879231781E-002
 -0.23055686045847115     
  0.26795664538326774     
   3.2154143293628479E-002
 -0.58418213991554557     
  0.27864808467327989     
  -1.6730048590075847E-002
  0.84045835503934152     
  -8.5876114048666352E-004
  -8.1654726886720347E-002
 -0.18267372128770709     
 -0.54923867946075944     
  0.20953025317996948     
 -0.33722352798904048     
 -0.29139159950507920     
  0.22013794378935231     
  0.16514113797530502     
  0.10200907777146744     
  -7.8831062077289238E-002
 -0.18312056179094321     
   3.0885069537890802E-002
  0.17006801945034555     
  0.37586956845908720     
  -3.6967470754336484E-002
  -2.3655577817742912E-002
  -9.2360073272914206E-002
  -4.0323377001574456E-002
  0.13498692187206338     
  -2.5814930325127577E-002
  -5.4580677114625553E-002
 -0.31442826973853366     
  0.26509791229565466     
  0.14992630988981692     
  0.10270364905611254     
  0.30284414516565328     
  -6.0991272695495896E-002
 -0.28272582157014714     
  0.16264849146120974     
  -2.7797928677765843E-002
 -0.62702184060703847     
 -0.16317056369696603     
 -0.54203482899160915     
  -5.7469317026461908E-002
 -0.81471450606921758     
  0.33753790697766245     
   2.7990841732153382E-003
 -0.96601111382094551     
  0.28017068046920440     
  -2.1792702188020402E-002
 -0.12751103047248077     
   8.2506698159555580E-002
 -0.11208665174506707     
  -5.1050476727723365E-002
  0.29970795966331482     
   5.3310891562517976E-002
  0.61352715236892030     
 -0.73652635306914815     
