   1000000.0000000000        3.4374424153525401E-002
   1010000.0000000000       0.13548584163467398     
   1020000.0000000000        9.2063115471062135E-002
   1030000.0000000000       0.91957333662052154     
   1040000.0000000000       -1.4425629846731486E-002
   1050000.0000000000      -0.14798130436585388     
   1060000.0000000000       0.13461070585133172     
   1070000.0000000000      -0.58146236275097740     
   1080000.0000000000       0.14729682715094619     
   1090000.0000000000      -0.25203645418837706     
   1100000.0000000000      -0.14051194917966436     
   1110000.0000000000        8.7790174892412864E-003
   1120000.0000000000       0.12960747962298724     
   1130000.0000000000        9.5832978732713819E-002
   1140000.0000000000       -7.2814608003856002E-002
   1150000.0000000000      -0.13952730151858464     
   1160000.0000000000       -1.3996200953656390E-002
   1170000.0000000000       0.11275411250655634     
   1180000.0000000000        2.9417304454308096E-002
   1190000.0000000000      -0.22497657051186162     
   1200000.0000000000        3.0438577264663150E-002
   1210000.0000000000       0.37360003136190778     
   1220000.0000000000      -0.31324082646653623     
   1230000.0000000000      -0.23226755929884602     
   1240000.0000000000       0.28869986099279005     
   1250000.0000000000      -0.79151118934628018     
   1260000.0000000000       -8.3461207033751789E-002
   1270000.0000000000      -0.23318674324956340     
   1280000.0000000000       0.17446315546843078     
   1290000.0000000000        2.4403206868204047E-002
   1300000.0000000000        5.9476307389084437E-003
   1310000.0000000000        6.3452604209937369E-002
   1320000.0000000000      -0.11731278597360563     
   1330000.0000000000       -9.6869873076717294E-003
   1340000.0000000000       -9.5875619799087264E-002
   1350000.0000000000       -7.1521753666308557E-002
   1360000.0000000000        3.1990039343497617E-002
   1370000.0000000000      -0.24393744463813011     
   1380000.0000000000       0.16677384303016071     
   1390000.0000000000      -0.42778040106538068     
   1400000.0000000000      -0.20116525765598292     
   1410000.0000000000        2.3595123806714413E-002
   1420000.0000000000      -0.11502573940071700     
   1430000.0000000000        5.7967768870846731E-002
   1440000.0000000000       -8.5034504879231781E-002
   1450000.0000000000      -0.23055686045847115     
   1460000.0000000000       0.26795664538326774     
   1470000.0000000000        3.2154143293628479E-002
   1480000.0000000000      -0.58418213991554557     
   1490000.0000000000       0.27864808467327989     
   1500000.0000000000       -1.6730048590075847E-002
   1510000.0000000000       0.84045835503934152     
   1520000.0000000000       -8.5876114048666352E-004
   1530000.0000000000       -8.1654726886720347E-002
   1540000.0000000000      -0.18267372128770709     
   1550000.0000000000      -0.54923867946075944     
   1560000.0000000000       0.20953025317996948     
   1570000.0000000000      -0.33722352798904048     
   1580000.0000000000      -0.29139159950507920     
   1590000.0000000000       0.22013794378935231     
   1600000.0000000000       0.16514113797530502     
   1610000.0000000000       0.10200907777146744     
   1620000.0000000000       -7.8831062077289238E-002
   1630000.0000000000      -0.18312056179094321     
   1640000.0000000000        3.0885069537890802E-002
   1650000.0000000000       0.17006801945034555     
   1660000.0000000000       0.37586956845908720     
   1670000.0000000000       -3.6967470754336484E-002
   1680000.0000000000       -2.3655577817742912E-002
   1690000.0000000000       -9.2360073272914206E-002
   1700000.0000000000       -4.0323377001574456E-002
   1710000.0000000000       0.13498692187206338     
   1720000.0000000000       -2.5814930325127577E-002
   1730000.0000000000       -5.4580677114625553E-002
   1740000.0000000000      -0.31442826973853366     
   1750000.0000000000       0.26509791229565466     
   1760000.0000000000       0.14992630988981692     
   1770000.0000000000       0.10270364905611254     
   1780000.0000000000       0.30284414516565328     
   1790000.0000000000       -6.0991272695495896E-002
   1800000.0000000000      -0.28272582157014714     
   1810000.0000000000       0.16264849146120974     
   1820000.0000000000       -2.7797928677765843E-002
   1830000.0000000000      -0.62702184060703847     
   1840000.0000000000      -0.16317056369696603     
   1850000.0000000000      -0.54203482899160915     
   1860000.0000000000       -5.7469317026461908E-002
   1870000.0000000000      -0.81471450606921758     
   1880000.0000000000       0.33753790697766245     
   1890000.0000000000        2.7990841732153382E-003
   1900000.0000000000      -0.96601111382094551     
   1910000.0000000000       0.28017068046920440     
   1920000.0000000000       -2.1792702188020402E-002
   1930000.0000000000      -0.12751103047248077     
   1940000.0000000000        8.2506698159555580E-002
   1950000.0000000000      -0.11208665174506707     
   1960000.0000000000       -5.1050476727723365E-002
   1970000.0000000000       0.29970795966331482     
   1980000.0000000000        5.3310891562517976E-002
   1990000.0000000000       0.61352715236892030     
